[dem_slicer]
A2x=420430.5989047121
A2y=6208020.518000474
Ax=423757.1495074949
Ay=6201061.079102838
B2x=420430.5046367748
B2y=6193278.79274352
Bx=423757.14424541447
By=6200238.189096438
C2x=414168.0323209278
C2y=6200377.499221836
Cx=414290.8781827918
Cy=6200238.249629745
D2x=414168.03580211755
D2y=6200921.891615177
Dx=414290.8834448722
Dy=6201061.139636146
Hx=423757.14687645575
Hy=6200649.634099639
L2x=417299.26812207885
L2y=6196828.145667934
Lx=419024.01121410314
Ly=6200238.2193630915
Mx=414290.8808138331
My=6200649.6946329465
Rx=414126.42401711317
Ry=6191288.925773136
Xx=419024.0138451434
Xy=6200649.664366292
Yx=413927.8997322916
Yy=6200649.696954077
base=569
decoLayerId=water_p_6fdc5e35_167f_4275_9caa_6cf327f383cc
demLayerId=PYR_20m_2154_uint16_24e27f85_46ab_4c54_aae8_2e0e9aae3556
elevation=70
lineCount=50
parallelView=false
peakx=414632.8858655004
peaky=6200615.992437746
renderCompass=false
renderLines=false
renderPolygons=true
renderRidges=true
renderSource=false
xStep=50
zFactor=1
zShift=0
